      0/99     5.84G   0.06375  0.008152   0.02172   0.09363        24       512    0.3557    0.1176   0.03449   0.00996   0.08974  0.006832   0.02453
      1/99     6.04G   0.05918  0.008033   0.02044   0.08765        25       512    0.2703     0.143   0.01313  0.003602   0.08954  0.006881   0.02507
      2/99     7.74G   0.06222    0.0081   0.02092   0.09124        19       512    0.5335   0.02579  0.009805  0.001881   0.09291  0.007263    0.0297
      3/99     7.74G   0.05935  0.008307   0.01992   0.08758        27       512    0.3296    0.1319   0.04141  0.009288   0.08819  0.007477   0.02644
      4/99     7.74G    0.0577  0.008505   0.01981   0.08602        18       512    0.3327      0.14   0.04371   0.01085   0.08607  0.007203   0.02605
      5/99     7.74G   0.05588  0.008533   0.01971   0.08412        24       512    0.3722    0.1292    0.0603   0.01823   0.08703  0.006969   0.02671
      6/99     7.74G   0.05459  0.008632   0.01913   0.08235        27       512    0.3816     0.159   0.08444    0.0301   0.08544  0.007053   0.02471
      7/99     7.74G   0.05355  0.008629   0.01879   0.08096        19       512    0.0867    0.2057   0.06379   0.02256   0.08496  0.007155   0.02744
      8/99     7.74G   0.05412  0.008563   0.01894   0.08163        26       512    0.1594    0.1932    0.1162   0.04473   0.08393  0.006849   0.02487
      9/99     7.74G   0.05254  0.008531   0.01807   0.07914        24       512    0.4245    0.2171    0.1466   0.06729   0.08274  0.006828   0.02348
     10/99     7.78G   0.05227   0.00853   0.01762   0.07843        23       512    0.2076    0.2224    0.1542   0.07386    0.0831  0.006771   0.02843
     11/99     7.78G   0.05229  0.008491   0.01746   0.07824        31       512    0.4392    0.2267    0.1673   0.08056    0.0794  0.006938   0.02216
     12/99     7.78G   0.05134  0.008467   0.01676   0.07656        20       512    0.1699    0.2317    0.1338   0.06117   0.07935  0.007117   0.02304
     13/99     7.78G   0.05187  0.008394   0.01688   0.07714        23       512    0.5352     0.237    0.2324    0.1071   0.08068  0.006909   0.02211
     14/99     7.78G   0.05068  0.008252    0.0165   0.07543        18       512    0.4967    0.2298    0.1876   0.09082   0.08018  0.006914   0.02327
     15/99     7.78G   0.04943  0.008307   0.01584   0.07357        23       512    0.5484    0.2458    0.2403    0.1199   0.08023  0.006745   0.02226
     16/99     7.78G   0.04966  0.008336   0.01663   0.07462        24       512    0.2542    0.1854   0.06742   0.03105   0.08221   0.00871   0.03517
     17/99     7.78G   0.04956  0.008188   0.01607   0.07382        20       512    0.2917    0.2552    0.2308    0.1227   0.08044  0.006941   0.02504
     18/99     7.78G   0.05017  0.008362   0.01589   0.07442        22       512    0.3792    0.2844    0.2312      0.12   0.07968  0.006838   0.02166
     19/99     7.78G   0.04855  0.008119   0.01551   0.07218        20       512    0.4401    0.2798    0.2739    0.1468   0.07765  0.006823   0.02049
     20/99     7.78G   0.04851  0.008078   0.01512   0.07171        25       512    0.4523    0.3113    0.3023     0.161   0.07858  0.006621   0.02026
     21/99     7.78G   0.04852  0.008121   0.01516    0.0718        25       512    0.4353    0.3006    0.2852    0.1564   0.07929  0.006679     0.022
     22/99     7.78G   0.04851  0.008173   0.01502    0.0717        18       512    0.3545     0.317    0.2898     0.151   0.07986  0.006614   0.02193
     23/99     7.78G   0.04835  0.008159   0.01527   0.07178        32       512    0.4228    0.3147    0.2941    0.1623   0.07662  0.006712   0.02009
     24/99     7.78G   0.04826  0.008229   0.01481    0.0713        23       512    0.4814    0.3345     0.336    0.1868   0.07428  0.006768   0.01943
     25/99     7.78G   0.04837  0.008113    0.0144   0.07088        24       512     0.621    0.2925    0.3319    0.1835    0.0742  0.006814   0.01929
     26/99     7.78G   0.04761  0.008051   0.01437   0.07004        22       512    0.4082    0.3741    0.3353    0.1787   0.07669  0.006728   0.02053
     27/99     7.78G   0.04752  0.008087     0.014   0.06961        21       512    0.5555    0.3444    0.3671    0.2008   0.07708  0.006502   0.02006
     28/99     7.78G   0.04697  0.008141   0.01407   0.06918        17       512     0.556    0.3481    0.3658     0.195   0.07607  0.006647   0.02282
     29/99     7.78G   0.04714  0.007923    0.0135   0.06857        25       512    0.5274    0.3293    0.3319    0.1824   0.07567  0.006941   0.02158
     30/99     7.78G    0.0464  0.007915   0.01329   0.06761        16       512    0.4174    0.3295     0.311    0.1769   0.07343  0.006914   0.02211
     31/99     7.78G   0.04595  0.008005   0.01297   0.06693        23       512    0.5443    0.3393    0.3685    0.2097   0.07421  0.006749   0.02025
     32/99     7.78G   0.04607  0.008022   0.01299   0.06708        26       512    0.4903    0.3633    0.3841    0.2153   0.07389  0.006625   0.02079
     33/99     7.78G   0.04638  0.007939   0.01322   0.06754        28       512    0.5211    0.3806    0.3847    0.2116   0.07438  0.006622    0.0192
     34/99     7.78G    0.0461  0.007928   0.01309   0.06712        30       512    0.4756    0.3412    0.3522    0.1956   0.07546  0.006703   0.01999
     35/99     7.78G   0.04697  0.008103   0.01376   0.06883        29       512    0.4718    0.3864    0.3936    0.2209   0.07663  0.006386   0.02069
     36/99     7.78G   0.04533  0.007938   0.01296   0.06623        23       512    0.5282    0.4023     0.416    0.2432   0.07477  0.006262    0.0189
     37/99     7.78G   0.04593  0.007756   0.01264   0.06632        31       512    0.5201    0.4297    0.4249    0.2448   0.07399  0.006241   0.01809
     38/99     7.78G    0.0459  0.007828    0.0128   0.06653        28       512    0.5889    0.3901    0.4282    0.2392    0.0732  0.006335   0.01816
     39/99     7.78G   0.04502  0.007756   0.01247   0.06525        23       512    0.6016    0.4071    0.4439    0.2556   0.07427   0.00622    0.0186
     40/99     7.78G   0.04563  0.007885   0.01224   0.06576        21       512    0.5411    0.4068    0.4303    0.2502   0.07373   0.00628   0.01854
     41/99     7.78G   0.04416  0.007712   0.01185   0.06373        21       512     0.584    0.3905    0.4387    0.2531   0.07169  0.006429    0.0177
     42/99     7.78G   0.04467  0.007702   0.01216   0.06453        26       512    0.5753    0.4085    0.4481    0.2621   0.07176  0.006289   0.01746
     43/99     7.78G   0.04487  0.007829   0.01217   0.06486        21       512    0.6457    0.4028    0.4511    0.2581   0.07343  0.006245   0.01786
     44/99     7.78G   0.04441  0.007789   0.01118   0.06339        23       512    0.5736    0.4442    0.4631    0.2684   0.07177   0.00629   0.01829
     45/99     7.78G   0.04409  0.007758   0.01176    0.0636        25       512    0.6671    0.4066     0.474    0.2763   0.06997  0.006467    0.0162
     46/99     7.78G   0.04394  0.007595   0.01149   0.06303        24       512    0.5786    0.4433    0.4713    0.2711   0.07048  0.006284   0.01677
     47/99     7.78G     0.044  0.007716   0.01131   0.06303        29       512    0.5878     0.446    0.4769    0.2811   0.07064  0.006259    0.0176
     48/99     7.78G   0.04464  0.007694   0.01117    0.0635        26       512    0.5821    0.4566    0.4834    0.2865   0.07091  0.006128   0.01697
     49/99     7.78G    0.0433  0.007602   0.01141   0.06232        25       512    0.6089    0.4558    0.4924    0.2869   0.06989    0.0063   0.01651
     50/99     7.78G   0.04346  0.007531   0.01094   0.06194        19       512    0.6202    0.4523    0.4936    0.2911   0.06997  0.006267   0.01691
     51/99     7.78G   0.04331  0.007682   0.01095   0.06193        20       512    0.6416    0.4541    0.4982    0.2954   0.06989  0.006283   0.01621
     52/99     7.78G   0.04275  0.007743   0.01037   0.06085        23       512    0.6508    0.4477    0.5058    0.3004   0.06946  0.006212   0.01692
     53/99     7.83G   0.04256  0.007593   0.01079   0.06094        24       512    0.6711    0.4491    0.5082    0.2991   0.06954  0.006205   0.01698
     54/99     7.83G    0.0435  0.007608   0.01089     0.062        24       512    0.6157    0.4832    0.5112    0.3082   0.06874  0.006245   0.01667
     55/99     7.83G   0.04281  0.007581   0.01082   0.06121        19       512     0.619    0.4766    0.5048    0.3028   0.06862  0.006256    0.0166
     56/99     7.83G   0.04259  0.007624   0.01007   0.06028        25       512    0.5781    0.4804    0.4992    0.2998   0.06884   0.00623   0.01661
     57/99     7.83G   0.04177  0.007553  0.009678     0.059        28       512    0.6421    0.4568    0.5078    0.3056   0.06844  0.006264   0.01638
     58/99     7.83G   0.04208  0.007616  0.009996   0.05969        26       512    0.6217    0.4943     0.524    0.3124   0.06779   0.00621   0.01597
     59/99     7.83G   0.04225  0.007425  0.009805   0.05948        19       512    0.6835     0.471    0.5302    0.3167   0.06721  0.006233   0.01578
     60/99     7.83G   0.04279  0.007506   0.00997   0.06026        18       512    0.6548    0.4842    0.5352    0.3172   0.06742  0.006238   0.01611
     61/99     7.83G   0.04197  0.007541  0.009749   0.05926        27       512    0.6796    0.4688    0.5384    0.3267   0.06785  0.006158   0.01599
     62/99     7.83G   0.04078   0.00746  0.009244   0.05749        23       512    0.6408    0.4948    0.5418    0.3299   0.06767  0.006206   0.01553
     63/99     7.83G   0.04101  0.007498  0.009825   0.05833        20       512    0.6462    0.4925    0.5413    0.3281   0.06738  0.006192   0.01497
     64/99     7.83G   0.04136  0.007337  0.009564   0.05826        12       512    0.6246    0.5017    0.5471    0.3372   0.06752   0.00613   0.01558
     65/99     7.83G   0.04218  0.007476  0.009815   0.05947        21       512    0.7073    0.4701    0.5465    0.3327   0.06734  0.006167   0.01602
     66/99     7.83G   0.04071  0.007423   0.00921   0.05734        21       512    0.7014    0.4887    0.5562    0.3389   0.06671  0.006126    0.0149
     67/99     7.83G   0.04074  0.007422  0.009233   0.05739        29       512    0.6474    0.5096    0.5494      0.34   0.06613   0.00619   0.01568
     68/99     7.83G   0.04037  0.007493  0.009272   0.05714        23       512    0.6828    0.4885    0.5574    0.3375   0.06577  0.006244   0.01485
     69/99     7.83G   0.04005  0.007456  0.009088    0.0566        25       512    0.7049    0.5067     0.563    0.3406   0.06637  0.006144   0.01471
     70/99     7.83G   0.04018   0.00725  0.008608   0.05604        17       512    0.7225    0.4942    0.5646    0.3475   0.06687  0.006073    0.0146
     71/99     7.83G   0.03917  0.007322  0.008686   0.05518        18       512    0.6934    0.5114    0.5664    0.3489   0.06667  0.006125   0.01512
     72/99     7.83G   0.03935  0.007345   0.00848   0.05518        28       512    0.6448    0.5392    0.5676    0.3464   0.06594  0.006153   0.01475
     73/99     7.83G   0.04039  0.007242    0.0089   0.05654        17       512    0.6776    0.5304    0.5753    0.3535   0.06642  0.006058    0.0154
     74/99     7.83G   0.04001  0.007203  0.008291    0.0555        27       512    0.7257    0.4917    0.5696    0.3506   0.06659  0.006126   0.01511
     75/99     7.83G   0.03885  0.007236  0.008263   0.05435        15       512    0.6578    0.5366    0.5711    0.3476   0.06607  0.006147   0.01465
     76/99     7.83G   0.03997  0.007172  0.008276   0.05542        25       512    0.7207    0.4997    0.5767    0.3548   0.06635  0.006061   0.01454
     77/99     7.83G   0.03937  0.007313  0.008062   0.05474        30       512     0.707    0.5161    0.5859    0.3591   0.06616  0.006077   0.01492
     78/99     7.83G      0.04  0.007344  0.008582   0.05593        18       512    0.7079    0.5338    0.5878    0.3634   0.06548  0.006134   0.01466
     79/99     7.83G   0.03923  0.007249  0.008185   0.05466        29       512    0.6925    0.5387    0.5894    0.3672   0.06525  0.006143   0.01458
     80/99     7.83G   0.03903  0.007195  0.007632   0.05386        28       512    0.7068    0.5361    0.5931    0.3705   0.06542  0.006098   0.01472
     81/99     7.83G   0.03908  0.007251  0.008044   0.05438        25       512    0.7207    0.5374    0.5975    0.3707   0.06533  0.006137   0.01464
     82/99     7.83G   0.03882  0.007188   0.00775   0.05375        23       512    0.7226    0.5374    0.6031     0.375   0.06554   0.00607   0.01405
     83/99     7.83G   0.03887  0.007169  0.007711   0.05375        19       512    0.7157    0.5439    0.5982    0.3717   0.06534  0.006107   0.01408
     84/99     7.83G   0.03944  0.007222  0.007997   0.05466        31       512    0.7206    0.5418    0.6001    0.3748   0.06568  0.006057   0.01429
     85/99     7.83G   0.03867  0.007196  0.007533    0.0534        25       512    0.7179    0.5427    0.5994    0.3712   0.06542  0.006073   0.01409
     86/99     7.83G   0.03854  0.007118  0.007588   0.05324        28       512    0.7483    0.5279    0.6052    0.3744   0.06577  0.006009   0.01424
     87/99     7.83G   0.03903  0.007114  0.007527   0.05367        16       512    0.6995    0.5602    0.6035    0.3752   0.06541   0.00605   0.01437
     88/99     7.83G   0.03894  0.007216  0.007604   0.05376        15       512    0.7638    0.5283    0.6072    0.3774   0.06496  0.006085   0.01437
     89/99     7.83G   0.03834  0.007146  0.007533   0.05302        16       512    0.7617    0.5239    0.6082     0.381   0.06476  0.006076   0.01407
     90/99     7.83G   0.03796  0.007137  0.007568   0.05267        27       512    0.7113    0.5494    0.6076    0.3814   0.06485  0.006087   0.01388
     91/99     7.83G    0.0379  0.007043  0.007175   0.05212        22       512    0.7525    0.5361    0.6102    0.3822   0.06475  0.006074   0.01403
     92/99     7.83G   0.03832   0.00716   0.00718   0.05266        15       512    0.7589    0.5384    0.6117     0.381   0.06482  0.006067   0.01425
     93/99     7.83G   0.03809  0.007139  0.007181   0.05241        21       512    0.7398    0.5531     0.613    0.3846   0.06477  0.006081   0.01403
     94/99     7.83G   0.03804  0.007062  0.007147   0.05225        18       512     0.748    0.5585    0.6192    0.3882   0.06467  0.006078   0.01405
     95/99     7.83G   0.03719  0.007045  0.006857   0.05109        24       512     0.752    0.5524    0.6185    0.3861   0.06464  0.006085   0.01424
     96/99     7.83G   0.03777  0.007104   0.00697   0.05184        23       512      0.74    0.5484    0.6132    0.3825   0.06464  0.006097   0.01437
     97/99     7.83G   0.03751   0.00703  0.007096   0.05164        20       512    0.6957     0.576    0.6163    0.3864   0.06479  0.006073   0.01411
     98/99     7.83G   0.03777  0.007117  0.007349   0.05224        21       512    0.7604    0.5434    0.6163    0.3879   0.06464  0.006072   0.01392
     99/99     7.83G   0.03719  0.007039  0.006802   0.05103        31       512    0.7741    0.5295    0.6145     0.389   0.06453  0.006082   0.01394
